school_scores = [
    [2.2, 1032, 1253, 188, 0],
    [1.9, 671, 1622, 418, 12],
    [2.1, 3854, 7193, 1184, 16],
    [2.2, 457, 437, 57, 0],
    [1.8, 25546, 84659, 18839, 240],
    [2.2, 2736, 4312, 732, 12],
    [2.1, 2646, 17108, 4338, 105],
    [1.8, 956, 2718, 731, 19],
    [1.8, 316, 1493, 643, 13],
    [1.8, 15418, 41559, 9420, 111],
    [1.8, 9098, 29098, 5573, 74],
    [2, 1012, 3581, 970, 25],
    [2, 817, 1167, 257, 2],
    [2.1, 3127, 4056, 476, 4],
    [2.2, 6003, 18736, 5912, 117],
    [2.8, 557, 333, 35, 0],
    [2.5, 832, 684, 76, 3],
    [2.1, 1390, 1417, 152, 3],
    [1.8, 805, 1081, 183, 2],
    [2.2, 1617, 4945, 954, 25],
    [2.1, 6112, 19826, 6013, 169],
    [2, 4536, 28692, 8054, 265],
    [2.2, 3032, 3181, 474, 12],
    [2.7, 1769, 1908, 172, 6],
    [2.3, 344, 232, 30, 0],
    [2.6, 1106, 1245, 157, 7],
    [2.6, 776, 1233, 238, 5],
    [2.5, 457, 419, 56, 4],
    [1.8, 1350, 3039, 538, 9],
    [2, 1305, 6016, 1376, 20],
    [2.1, 10417, 37455, 9008, 214],
    [2.3, 607, 843, 127, 4],
    [2.2, 19988, 64955, 19989, 1361],
    [1.9, 10991, 20933, 4728, 128],
    [2.8, 140, 67, 13, 0],
    [2.4, 7640, 13102, 2814, 62],
    [2.3, 789, 684, 85, 1],
    [2, 3846, 7638, 1514, 34],
    [2.1, 17969, 44568, 9793, 207],
    [1.8, 491, 691, 93, 1],
    [2, 721, 4240, 1000, 38],
    [1.8, 4354, 10152, 2216, 33],
    [2.7, 154, 94, 15, 0],
    [2.3, 2027, 2349, 319, 3],
    [2, 24009, 58514, 7193, 93],
    [2.7, 545, 613, 82, 1],
    [2.4, 727, 2551, 495, 12],
    [1.2, 62, 503, 167, 0],
    [2.1, 1055, 938, 121, 1],
    [2.1, 6556, 14116, 2387, 46],
    [2.5, 1362, 1047, 153, 6],
    [2.5, 204, 179, 33, 2],
    [2.2, 1050, 1137, 150, 2],
    [1.9, 689, 1553, 459, 8],
    [2.1, 3939, 7011, 1303, 26],
    [2.3, 435, 355, 64, 1],
    [1.8, 28126, 85907, 20619, 283],
    [2.2, 2710, 4094, 746, 12],
    [2.1, 2971, 17185, 4432, 94],
    [1.8, 1102, 2812, 758, 21],
    [1.9, 321, 1498, 622, 22],
    [1.7, 16541, 40909, 9685, 136],
    [1.8, 9458, 27921, 5259, 71],
    [2, 1127, 3412, 1037, 22],
    [2, 865, 971, 210, 4],
    [2.1, 3263, 3787, 415, 7],
    [2.2, 6259, 18383, 5835, 139],
    [2.9, 509, 313, 25, 1],
    [2.6, 776, 649, 83, 1],
    [2.1, 1399, 1175, 157, 0],
    [1.9, 670, 742, 105, 2],
    [2.2, 1771, 4843, 929, 17],
    [2.1, 6622, 19945, 5965, 178],
    [2, 5119, 29138, 8377, 302],
    [2.2, 2989, 2870, 466, 9],
    [2.7, 1798, 1674, 178, 4],
    [2.3, 342, 252, 30, 0],
    [2.6, 1066, 1155, 159, 4],
    [2.5, 736, 1055, 219, 5],
    [2.4, 448, 332, 43, 1],
    [1.7, 1383, 2941, 548, 6],
    [2, 1399, 5945, 1488, 21],
    [2.1, 11608, 37683, 9117, 209],
    [2.3, 621, 808, 140, 4],
    [2.3, 22060, 63727, 19016, 1283],
    [1.9, 11706, 19807, 4506, 113],
    [2.7, 114, 47, 5, 1],
    [2.4, 7653, 12582, 2778, 69],
    [2.4, 743, 632, 88, 2],
    [2.1, 3893, 6910, 1400, 28],
    [2, 18867, 42918, 9022, 178],
    [1.7, 537, 697, 90, 0],
    [2, 804, 4118, 970, 40],
    [1.8, 4528, 10189, 1993, 37],
    [2.8, 119, 45, 8, 1],
    [2.3, 1895, 2097, 276, 5],
    [2, 24613, 55066, 6799, 90],
    [2.7, 557, 580, 79, 2],
    [2.3, 755, 2468, 514, 9],
    [1.4, 80, 457, 142, 1],
    [2.2, 1076, 960, 163, 4],
    [2.1, 6695, 13557, 2476, 44],
    [2.6, 1273, 949, 140, 6],
    [2.7, 180, 149, 28, 1],
    [2.2, 1031, 1126, 160, 4],
    [1.9, 715, 1480, 381, 9],
    [2.1, 4040, 7413, 1390, 24],
    [2.3, 397, 359, 48, 0],
    [1.8, 28902, 88322, 21971, 311],
    [2.2, 2610, 3810, 681, 20],
    [2.1, 3112, 17860, 4817, 122],
    [1.8, 1059, 2758, 761, 12],
    [1.8, 366, 1487, 710, 31],
    [1.8, 17020, 42754, 10229, 151],
    [1.8, 9748, 28641, 5690, 67],
    [2, 1079, 3558, 1037, 29],
    [2, 807, 1059, 212, 3],
    [2.1, 2866, 3334, 389, 7],
    [2.2, 6484, 18913, 6135, 157],
    [2.8, 435, 248, 31, 0],
    [2.6, 738, 588, 82, 1],
    [2.2, 1274, 964, 137, 3],
    [1.9, 774, 805, 124, 2],
    [2.1, 1520, 4406, 1182, 84],
    [2.1, 6827, 20409, 6259, 200],
    [1.9, 5556, 30001, 8656, 329],
    [2.2, 2804, 2688, 440, 8],
    [2.7, 1551, 1481, 167, 3],
    [2.5, 301, 202, 21, 1],
    [2.6, 1048, 928, 98, 2],
    [2.5, 738, 1000, 212, 4],
    [2.6, 431, 287, 37, 2],
    [1.8, 1477, 3179, 597, 10],
    [2, 1552, 6078, 1469, 23],
    [2.1, 12329, 38967, 9520, 280],
    [2.3, 581, 778, 109, 2],
    [2.3, 23170, 66092, 20647, 1509],
    [1.9, 12478, 20458, 4789, 146],
    [2.8, 118, 45, 13, 0],
    [2.4, 7683, 12192, 2632, 63],
    [2.4, 690, 536, 67, 2],
    [2.1, 3942, 7256, 1360, 25],
    [2, 19746, 43385, 9133, 205],
    [1.7, 487, 715, 101, 3],
    [2, 814, 4215, 1052, 34],
    [1.8, 4795, 10168, 2123, 43],
    [2.8, 125, 67, 7, 0],
    [2.3, 1847, 1926, 244, 4],
    [2, 24679, 56823, 7163, 108],
    [2.7, 486, 546, 77, 2],
    [2.3, 788, 2530, 423, 14],
    [1.4, 81, 445, 120, 0],
    [2.1, 9153, 24979, 8388, 260],
    [2.1, 7040, 13758, 2678, 50],
    [2.2, 1103, 934, 154, 2],
    [2.6, 1181, 927, 138, 3],
    [2.6, 156, 106, 15, 0],
    [2.3, 933, 1039, 145, 7],
    [1.9, 696, 1453, 365, 13],
    [2.2, 4265, 7666, 1495, 27],
    [2.4, 413, 370, 32, 2],
    [1.9, 26435, 89292, 21939, 306],
    [2.3, 2540, 3443, 579, 13],
    [2.1, 2869, 18052, 4484, 139],
    [1.7, 976, 2784, 728, 25],
    [2, 403, 1603, 836, 30],
    [1.8, 16387, 42479, 9671, 163],
    [1.9, 9449, 28902, 5687, 72],
    [2.1, 1120, 3590, 976, 20],
    [2, 800, 1053, 188, 3],
    [2.1, 2515, 3064, 439, 24],
    [2.3, 6523, 19485, 6428, 173],
    [2.8, 414, 252, 31, 2],
    [2.7, 725, 585, 54, 1],
    [2.2, 1123, 962, 109, 2],
    [2.1, 695, 753, 109, 1],
    [2.2, 1718, 5430, 1576, 144],
    [2.2, 6174, 20443, 6320, 182],
    [2, 4925, 29244, 8289, 329],
    [2.3, 2197, 1680, 175, 4],
    [2.8, 1489, 1338, 164, 4],
    [2.4, 295, 184, 30, 1],
    [2.6, 936, 826, 97, 7],
    [2.6, 675, 875, 179, 6],
    [2.6, 335, 247, 30, 1],
    [1.8, 1559, 3452, 645, 12],
    [2.1, 1506, 5963, 1371, 26],
    [2.1, 11183, 38429, 9154, 226],
    [2.4, 616, 708, 114, 2],
    [2.3, 20267, 67272, 21456, 1639],
    [1.9, 11475, 21013, 4575, 104],
    [2.7, 109, 41, 3, 0],
    [2.4, 7312, 11726, 2338, 70],
    [2.4, 627, 485, 57, 3],
    [2.1, 3983, 6897, 1312, 31],
    [2.1, 18952, 43429, 9174, 247],
    [1.9, 493, 707, 73, 3],
    [2.1, 794, 4372, 1016, 33],
    [1.8, 4323, 9361, 1948, 42],
    [2.8, 92, 58, 5, 1],
    [2.4, 1575, 1844, 249, 8],
    [2.1, 24387, 58981, 7507, 94],
    [2.7, 493, 512, 86, 7],
    [2.4, 824, 2522, 445, 7],
    [1.4, 90, 498, 127, 0],
    [2.1, 9083, 24925, 7804, 213],
    [2.2, 7071, 13986, 2782, 62],
    [2.2, 1007, 971, 146, 4],
    [2.5, 1129, 790, 125, 2],
    [2.8, 109, 73, 11, 0],
    [2.3, 1022, 1069, 126, 2],
    [2.3, 1022, 1069, 126, 2],
    [2.3, 4704, 8114, 1583, 31],
    [2.4, 509, 348, 57, 0],
    [2, 32111, 94493, 22337, 337],
    [2.3, 2596, 3347, 507, 7],
    [2.3, 3342, 18794, 4543, 145],
    [1.8, 1131, 3033, 829, 23],
    [2.1, 404, 1702, 870, 24],
    [1.9, 17485, 45804, 10011, 179],
    [1.9, 10676, 30509, 6237, 77],
    [2.2, 1260, 3696, 1009, 27],
    [2.1, 887, 1012, 189, 8],
    [2.2, 2439, 2629, 344, 17],
    [2.4, 7147, 19999, 6524, 168],
    [3, 423, 201, 37, 0],
    [2.8, 699, 495, 75, 2],
    [2.2, 1057, 797, 101, 1],
    [2.1, 713, 775, 127, 4],
    [2.3, 1833, 6753, 2452, 215],
    [2.3, 6848, 21354, 6662, 209],
    [2.1, 5585, 30307, 8499, 357],
    [2.3, 2054, 1393, 185, 5],
    [2.9, 1510, 1188, 184, 4],
    [2.4, 352, 183, 23, 0],
    [2.7, 955, 848, 92, 8],
    [2.6, 629, 865, 156, 6],
    [2.6, 343, 205, 28, 2],
    [1.9, 1759, 3762, 714, 18],
    [2.2, 1570, 6077, 1348, 29],
    [2.3, 12434, 39524, 8915, 223],
    [2.3, 585, 734, 118, 4],
    [2.4, 23527, 69233, 22802, 1884],
    [2, 13285, 22176, 5035, 104],
    [3, 87, 35, 11, 1],
    [2.5, 7445, 11108, 2138, 68],
    [2.5, 685, 431, 62, 0],
    [2.2, 4022, 6802, 1309, 21],
    [2.1, 20683, 44131, 9398, 279],
    [2.3, 883, 4412, 1014, 29],
    [1.8, 5390, 10882, 2104, 55],
    [2.8, 107, 63, 9, 0],
    [2.4, 1689, 1847, 227, 2],
    [2.1, 26279, 64120, 7978, 112],
    [2.8, 554, 566, 82, 4],
    [2.5, 873, 2442, 462, 6],
    [2.2, 10153, 25792, 7837, 194],
    [2.3, 7381, 14437, 3060, 81],
    [2.2, 1016, 943, 152, 6],
    [2.6, 1124, 712, 104, 2],
    [2.8, 90, 53, 15, 1],
    [2.3, 956, 974, 138, 3],
    [2, 751, 1483, 350, 18],
    [2.3, 4812, 7754, 1326, 45],
    [2.5, 462, 336, 58, 3],
    [2, 34416, 94101, 20646, 448],
    [2.4, 2435, 3046, 462, 22],
    [2.3, 3617, 18341, 4355, 151],
    [1.8, 1254, 2945, 760, 22],
    [2.2, 409, 1761, 783, 32],
    [1.9, 17915, 46419, 9921, 281],
    [1.9, 11314, 31447, 6279, 108],
    [2.2, 1236, 3559, 912, 24],
    [2.1, 943, 1043, 213, 3],
    [2.2, 2478, 2407, 396, 33],
    [2.3, 7056, 20489, 6748, 204],
    [3, 405, 189, 27, 0],
    [2.8, 613, 426, 56, 5],
    [2.3, 983, 663, 69, 2],
    [2.2, 644, 757, 128, 3],
    [2.2, 2008, 6982, 2411, 249],
    [2.4, 6831, 21095, 6238, 286],
    [2.2, 6074, 29860, 8071, 376],
    [2.4, 1941, 1247, 162, 7],
    [2.9, 1493, 1115, 151, 5],
    [2.5, 298, 184, 22, 2],
    [2.8, 887, 704, 129, 7],
    [2.6, 659, 926, 190, 8],
    [2.6, 357, 177, 25, 1],
    [2, 1750, 4002, 768, 26],
    [2.2, 1704, 5911, 1253, 31],
    [2.3, 13022, 38829, 8638, 279],
    [2.4, 562, 664, 93, 4],
    [2.5, 24892, 68733, 22574, 1972],
    [2, 13593, 22105, 4548, 130],
    [3, 94, 47, 6, 0],
    [2.5, 7077, 9949, 1869, 56],
    [2.5, 621, 430, 67, 1],
    [2.2, 4298, 6673, 1343, 39],
    [2.1, 20724, 43212, 9077, 314],
    [2.3, 899, 4327, 1007, 36],
    [1.9, 5528, 10390, 1875, 52],
    [2.8, 84, 43, 7, 0],
    [2.4, 1628, 1569, 185, 2],
    [2.1, 27642, 66501, 8071, 222],
    [2.9, 541, 500, 76, 4],
    [2.6, 863, 2330, 401, 11],
    [2.2, 10612, 24959, 6918, 234],
    [2.3, 7724, 14595, 2961, 90],
    [2.2, 906, 782, 114, 10],
    [2.7, 1053, 653, 106, 5],
    [2.9, 88, 65, 8, 0],
    [2.2, 1004, 1172, 168, 9],
    [2, 791, 1456, 375, 19],
    [2.2, 5305, 8366, 1570, 44],
    [2.5, 429, 296, 47, 1],
    [2, 36880, 97800, 21965, 459],
    [2.5, 2614, 3016, 430, 20],
    [2.3, 3866, 18338, 4299, 161],
    [1.8, 1298, 3131, 794, 27],
    [2.2, 431, 1772, 817, 35],
    [2, 19194, 50703, 12183, 525],
    [1.9, 12470, 33997, 6733, 145],
    [2.2, 1343, 3830, 959, 28],
    [2.2, 971, 1134, 188, 6],
    [2.3, 2475, 2077, 211, 9],
    [2.3, 7645, 21107, 7099, 238],
    [2.8, 471, 230, 33, 0],
    [2.8, 712, 522, 65, 6],
    [2.3, 958, 620, 61, 2],
    [2.2, 758, 862, 134, 2],
    [2.4, 2060, 6750, 2067, 218],
    [2.4, 7252, 21497, 6191, 302],
    [2.2, 6391, 30069, 7781, 369],
    [2.5, 1863, 1104, 157, 6],
    [3, 1443, 1097, 135, 10],
    [2.4, 375, 211, 23, 1],
    [2.8, 981, 779, 114, 6],
    [2.7, 655, 910, 173, 11],
    [2.7, 328, 173, 36, 2],
    [1.9, 1968, 4425, 964, 23],
    [2.2, 1740, 5698, 1079, 28],
    [2.3, 13554, 38901, 8384, 302],
    [2.4, 598, 749, 115, 2],
    [2.5, 25314, 69226, 22696, 2061],
    [1.9, 14884, 23087, 4937, 160],
    [3, 93, 31, 3, 1],
    [2.5, 6968, 9519, 1692, 73],
    [2.5, 699, 458, 67, 3],
    [2.2, 4481, 6855, 1306, 29],
    [2.2, 21781, 42544, 8831, 342],
    [2.1, 755, 881, 85, 0],
    [2.3, 874, 4216, 953, 39],
    [2.1, 5726, 10859, 2065, 66],
    [2.7, 122, 59, 7, 0],
    [2.4, 1736, 1551, 153, 9],
    [2.1, 29625, 75327, 9547, 243],
    [2.9, 609, 534, 90, 1],
    [2.6, 840, 2282, 388, 11],
    [1.4, 81, 647, 176, 2],
    [2.2, 11185, 25276, 6975, 215],
    [2.3, 8029, 15055, 3085, 102],
    [2.3, 945, 762, 128, 9],
    [2.6, 1088, 670, 98, 2],
    [3, 110, 59, 4, 0],
    [2.3, 1072, 1210, 193, 4],
    [2.1, 796, 1520, 427, 4],
    [2.3, 5443, 8340, 1519, 57],
    [2.4, 445, 275, 47, 1],
    [1.9, 39137, 99927, 22306, 490],
    [2.5, 2389, 2471, 301, 10],
    [2.3, 4011, 17996, 4124, 160],
    [1.7, 1521, 4282, 1390, 79],
    [2.2, 426, 1668, 727, 35],
    [2.1, 19473, 49375, 10534, 363],
    [1.9, 12697, 33977, 6413, 148],
    [2.2, 1477, 3887, 1042, 34],
    [2.2, 990, 1030, 198, 5],
    [2.2, 2393, 1756, 182, 8],
    [2.3, 8112, 21185, 6346, 188],
    [2.8, 423, 201, 29, 0],
    [2.8, 681, 413, 44, 2],
    [2.3, 897, 530, 70, 5],
    [2.3, 785, 911, 131, 4],
    [2.4, 2124, 6636, 1849, 121],
    [2.4, 7140, 21014, 6189, 291],
    [2.2, 6907, 28492, 7065, 359],
    [2.6, 1694, 988, 134, 5],
    [3, 1311, 986, 118, 3],
    [2.4, 319, 192, 26, 3],
    [2.7, 987, 680, 92, 7],
    [2.7, 740, 965, 179, 17],
    [2.7, 361, 197, 37, 1],
    [1.9, 2064, 4784, 960, 30],
    [2.2, 1688, 5463, 991, 29],
    [2.3, 13972, 37249, 7730, 291],
    [2.4, 658, 739, 124, 6],
    [2.5, 25871, 68258, 21288, 1822],
    [2, 15697, 22893, 4736, 166],
    [2.9, 73, 22, 11, 0],
    [2.5, 6653, 8103, 1418, 53],
    [2.5, 713, 416, 47, 3],
    [2.3, 4449, 6850, 1207, 61],
    [2.2, 22013, 41217, 7939, 304],
    [2.1, 834, 932, 103, 5],
    [2.4, 954, 4105, 926, 42],
    [2.1, 6107, 10765, 1820, 52],
    [2.8, 99, 41, 3, 1],
    [2.5, 1717, 1471, 170, 8],
    [2.2, 31314, 78013, 9724, 269],
    [2.8, 587, 445, 66, 5],
    [2.5, 949, 2151, 343, 7],
    [1.4, 79, 633, 202, 1],
    [2.2, 11847, 25197, 6352, 230],
    [2.3, 8066, 14745, 3031, 125],
    [2.4, 902, 720, 118, 7],
    [2.7, 1000, 596, 82, 4],
    [2.9, 102, 68, 7, 2],
    [2.3, 1008, 1018, 158, 3],
    [2, 740, 1447, 349, 10],
    [2.3, 5208, 7690, 1382, 35],
    [2.4, 403, 215, 24, 2],
    [1.9, 39447, 97989, 20580, 405],
    [2.5, 2222, 2057, 266, 7],
    [2.3, 4253, 17191, 3707, 136],
    [1.7, 1462, 4178, 1377, 71],
    [2.2, 482, 1612, 700, 25],
    [2.1, 19649, 47788, 9766, 259],
    [1.9, 13058, 31920, 5608, 106],
    [2.3, 1426, 3677, 863, 29],
    [1.9, 2982, 5672, 2479, 235],
    [2.3, 2237, 1534, 148, 7],
    [2.3, 8414, 20103, 5835, 185],
    [2.7, 377, 192, 26, 0],
    [2.9, 649, 376, 36, 1],
    [2.3, 783, 426, 39, 2],
    [2.3, 750, 670, 93, 1],
    [2.4, 2110, 5699, 1329, 89],
    [2.4, 7250, 19677, 6037, 306],
    [2.2, 7236, 27799, 6332, 278],
    [2.7, 1559, 735, 80, 7],
    [2.9, 1226, 838, 93, 1],
    [2.6, 351, 163, 22, 0],
    [2.7, 868, 609, 64, 3],
    [2.6, 601, 744, 109, 8],
    [2.7, 269, 162, 18, 0],
    [1.9, 2086, 4749, 919, 24],
    [2.2, 1820, 5032, 871, 22],
    [2.3, 14203, 35003, 6810, 223],
    [2.4, 679, 665, 118, 6],
    [2.5, 25697, 65184, 19518, 1458],
    [2, 15368, 19635, 3540, 106],
    [2.9, 68, 21, 2, 0],
    [2.5, 6240, 6730, 1080, 37],
    [2.5, 665, 389, 46, 1],
    [2.2, 4371, 6516, 1069, 24],
    [2.2, 22367, 37888, 6945, 245],
    [2.2, 865, 950, 86, 2],
    [2.3, 955, 3817, 858, 35],
    [2.1, 6162, 10193, 1430, 35],
    [2.8, 104, 33, 5, 2],
    [2.5, 1629, 1341, 140, 1],
    [2.2, 31039, 74737, 8989, 162],
    [2.8, 511, 427, 37, 0],
    [2.5, 910, 1979, 314, 7],
    [1.5, 84, 523, 151, 3],
    [2.2, 11798, 24322, 5383, 154],
    [2.3, 7998, 14972, 3229, 140],
    [2.4, 876, 628, 101, 0],
    [2.6, 927, 533, 72, 3],
    [2.7, 83, 48, 4, 0],
    [2.3, 967, 831, 154, 2],
    [2, 803, 1474, 361, 13],
    [2.3, 5499, 7981, 1523, 22],
    [2.5, 422, 239, 30, 0],
    [1.9, 41810, 101671, 20705, 268],
    [2.5, 2301, 1983, 200, 8],
    [2.3, 4554, 17460, 3736, 113],
    [1.8, 1639, 4142, 1271, 65],
    [2.3, 513, 1910, 931, 39],
    [2.1, 21143, 49103, 10047, 229],
    [1.9, 0, 0, 0, 0],
    [2.3, 1519, 3389, 792, 17],
    [1.9, 3145, 5988, 2604, 214],
    [2.3, 2283, 1461, 133, 2],
    [2.3, 8909, 20486, 5442, 109],
    [2.8, 410, 167, 24, 1],
    [2.9, 597, 337, 49, 1],
    [2.3, 753, 358, 37, 2],
    [2.4, 648, 566, 88, 1],
    [2.3, 2161, 5776, 1378, 85],
    [2.3, 7538, 21082, 6567, 363],
    [2.2, 7465, 28257, 6225, 263],
    [2.6, 1533, 654, 72, 2],
    [2.9, 1178, 810, 94, 2],
    [2.4, 291, 141, 17, 0],
    [2.7, 880, 612, 74, 1],
    [2.6, 494, 445, 71, 3],
    [2.8, 284, 149, 15, 1],
    [1.9, 2063, 5064, 1019, 20],
    [2.2, 1768, 5120, 820, 6],
    [2.3, 14831, 35345, 6715, 189],
    [2.4, 680, 676, 124, 1],
    [2.5, 26785, 64459, 18234, 1363],
    [2, 16090, 19790, 3140, 60],
    [2.7, 60, 15, 2, 0],
    [2.5, 5553, 5651, 801, 15],
    [2.4, 592, 321, 49, 3],
    [2.2, 4392, 6327, 1033, 24],
    [2.1, 22480, 37779, 6305, 152],
    [2.2, 1026, 1000, 86, 0],
    [2.3, 1056, 3799, 746, 30],
    [2.2, 6610, 9804, 1291, 15],
    [2.9, 88, 43, 2, 0],
    [2.5, 1577, 1183, 120, 2],
    [2.2, 33522, 79105, 9520, 102],
    [2.9, 529, 361, 51, 2],
    [2.5, 922, 1961, 263, 6],
    [1.3, 71, 494, 116, 0],
    [2.2, 12305, 24098, 5309, 127],
    [2.2, 7946, 15575, 3525, 154],
    [2.3, 825, 614, 77, 2],
    [2.7, 920, 451, 57, 5],
    [2.6, 63, 32, 4, 0],
    [2.3, 907, 774, 92, 0],
    [2, 812, 1367, 339, 12],
    [2.3, 5120, 7856, 1371, 16],
    [2.5, 429, 236, 25, 0],
    [1.9, 42656, 104693, 21065, 295],
    [2.5, 2071, 1754, 177, 5],
    [2.3, 4712, 17305, 3682, 117],
    [1.8, 1651, 4195, 1336, 45],
    [2.3, 475, 1844, 915, 56],
    [2.1, 21446, 52282, 11318, 391],
    [1.9, 14259, 31874, 5207, 49],
    [2.3, 1533, 3288, 725, 12],
    [2, 2659, 4907, 1764, 114],
    [2.2, 1991, 1310, 117, 3],
    [2.3, 8927, 20374, 5450, 134],
    [2.7, 386, 184, 17, 1],
    [2.8, 588, 300, 38, 0],
    [2.3, 669, 312, 27, 0],
    [2.4, 636, 523, 64, 1],
    [2.4, 2181, 5962, 1366, 72],
    [2.3, 7525, 20931, 6410, 332],
    [2.2, 8036, 28688, 6059, 258],
    [2.7, 1432, 689, 53, 1],
    [2.9, 1032, 732, 107, 2],
    [2.5, 307, 129, 7, 1],
    [2.8, 766, 519, 61, 0],
    [2.7, 422, 362, 43, 1],
    [2.6, 263, 124, 15, 0],
    [1.9, 2054, 4993, 1047, 27],
    [2.2, 1743, 4860, 820, 9],
    [2.2, 15234, 36271, 6455, 171],
    [2.3, 683, 691, 106, 3],
    [2.5, 27646, 62726, 17446, 1292],
    [2, 16234, 19575, 3200, 60],
    [3.1, 54, 17, 4, 0],
    [2.5, 5179, 5002, 753, 20],
    [2.4, 603, 334, 46, 5],
    [2.2, 4218, 6296, 1027, 20],
    [2.1, 22235, 36331, 5927, 130],
    [2.3, 1018, 985, 71, 1],
    [2.3, 1079, 3856, 808, 23],
    [2.2, 6868, 9629, 1358, 19],
    [2.6, 81, 37, 5, 0],
    [2.5, 1418, 1077, 106, 0],
    [2.2, 33641, 87512, 12348, 190],
    [2.9, 502, 312, 33, 0],
    [2.5, 950, 1929, 293, 8],
    [1.5, 90, 530, 134, 0],
    [2.1, 12489, 23912, 5027, 102],
    [2.2, 8430, 16364, 4304, 238],
    [2.4, 816, 584, 80, 1],
    [2.6, 876, 418, 47, 4],
    [2.5, 70, 40, 2, 0],
]


school_scores2 = [
    [0.4173069147, 0.5066720582, 0.07602102709, 0],
    [0.2464193904, 0.5956665443, 0.1535071612, 0.00440690415],
    [0.3146893117, 0.5873275088, 0.09667673716, 0.001306442394],
    [0.4805467928, 0.4595162986, 0.05993690852, 0],
    [0.1975959902, 0.6548296773, 0.1457179543, 0.001856378206],
    [0.3511293634, 0.5533880903, 0.09394250513, 0.001540041068],
    [0.1093523991, 0.7070297971, 0.1792784229, 0.004339380915],
    [0.2160940325, 0.6143761302, 0.1652350814, 0.004294755877],
    [0.1281947262, 0.6056795132, 0.260851927, 0.005273833671],
    [0.2318217357, 0.6248721958, 0.1416370963, 0.001668972154],
    [0.207513172, 0.6636863353, 0.127112652, 0.001687840704],
    [0.1811023622, 0.6408375089, 0.1735862563, 0.004473872584],
    [0.3642443156, 0.5202853321, 0.1145786893, 0.0008916629514],
    [0.4080647266, 0.5292966201, 0.06211666449, 0.0005219887772],
    [0.1951053042, 0.6089443578, 0.1921476859, 0.003802652106],
    [0.6021621622, 0.36, 0.03783783784, 0],
    [0.521630094, 0.4288401254, 0.04764890282, 0.001880877743],
    [0.4692775152, 0.4783929777, 0.05131667792, 0.001012829169],
    [0.3887011106, 0.5219700628, 0.08836310961, 0.0009657170449],
    [0.2144277947, 0.6557485745, 0.1265084206, 0.003315210184],
    [0.1902864259, 0.6172478207, 0.1872042341, 0.005261519303],
    [0.1091775579, 0.6905913784, 0.1938527451, 0.006378318531],
    [0.4526048664, 0.4748469921, 0.07075682938, 0.001791312136],
    [0.4588845655, 0.4949416342, 0.04461738003, 0.001556420233],
    [0.5676567657, 0.3828382838, 0.0495049505, 0],
    [0.4397614314, 0.4950298211, 0.06242544732, 0.002783300199],
    [0.3445825933, 0.5475133215, 0.1056838366, 0.002220248668],
    [0.4882478632, 0.4476495726, 0.05982905983, 0.004273504274],
    [0.2735008104, 0.6156807131, 0.1089951378, 0.001823338736],
    [0.1497074682, 0.6901456923, 0.1578524722, 0.002294367328],
    [0.1824534977, 0.6560234, 0.1577748975, 0.003748204715],
    [0.3839342188, 0.5332068311, 0.08032890576, 0.002530044276],
    [0.1880462495, 0.6110938632, 0.1880556575, 0.01280422982],
    [0.2988308864, 0.5691408374, 0.128548124, 0.003480152257],
    [0.6363636364, 0.3045454545, 0.05909090909, 0],
    [0.3234820899, 0.5547463799, 0.1191464138, 0.002625116437],
    [0.5060936498, 0.4387427838, 0.05452212957, 0.0006414368185],
    [0.2951197053, 0.5860957643, 0.1161755678, 0.002608962554],
    [0.2477218523, 0.6144174697, 0.135006962, 0.002853716035],
    [0.3847962382, 0.5415360502, 0.07288401254, 0.0007836990596],
    [0.1201866978, 0.7067844641, 0.1666944491, 0.006334389065],
    [0.2598627275, 0.605908684, 0.1322590272, 0.001969561325],
    [0.5855513308, 0.3574144487, 0.05703422053, 0],
    [0.4314601958, 0.5, 0.06790123457, 0.0006385696041],
    [0.2673340088, 0.6515382645, 0.08009219566, 0.00103553096],
    [0.4391619662, 0.4939564867, 0.06607574537, 0.0008058017728],
    [0.1920739762, 0.6739762219, 0.1307793923, 0.003170409511],
    [0.08469945355, 0.6871584699, 0.2281420765, 0],
    [0.4988179669, 0.443498818, 0.05721040189, 0.0004728132388],
    [0.2837481065, 0.6109500108, 0.1033109717, 0.001990911058],
    [0.5303738318, 0.4077102804, 0.05957943925, 0.002336448598],
    [0.4880382775, 0.4282296651, 0.07894736842, 0.004784688995],
    [0.4489097905, 0.4861051732, 0.06412997007, 0.0008550662676],
    [0.2543373939, 0.5732742709, 0.1694352159, 0.002953119232],
    [0.3207915954, 0.5709748351, 0.1061161332, 0.002117436273],
    [0.5087719298, 0.4152046784, 0.07485380117, 0.001169590643],
    [0.2084411013, 0.6366546856, 0.152806907, 0.00209730611],
    [0.3583708014, 0.5413911664, 0.09865115049, 0.001586881777],
    [0.1203711207, 0.6962563812, 0.1795640548, 0.0038084434],
    [0.2348178138, 0.5991902834, 0.1615171532, 0.004474749627],
    [0.1303288672, 0.6082013804, 0.2525375558, 0.008932196508],
    [0.245886043, 0.6081223707, 0.1439699127, 0.002021673529],
    [0.2214521529, 0.6537497951, 0.1231356389, 0.001662413075],
    [0.2013219007, 0.6095033941, 0.1852447303, 0.003929974991],
    [0.4219512195, 0.4736585366, 0.1024390244, 0.001951219512],
    [0.4366970021, 0.5068254818, 0.05554068522, 0.0009368308351],
    [0.2044355892, 0.6004376796, 0.1905866214, 0.004540109747],
    [0.6002358491, 0.3691037736, 0.02948113208, 0.001179245283],
    [0.5142478463, 0.4300861498, 0.05500331345, 0.0006626905235],
    [0.512266569, 0.4302453314, 0.0574880996, 0],
    [0.4410796577, 0.4884792627, 0.06912442396, 0.001316655695],
    [0.2342592593, 0.6406084656, 0.1228835979, 0.002248677249],
    [0.2024457352, 0.6097523693, 0.1823601345, 0.005441760929],
    [0.1192239612, 0.6786379728, 0.1951043413, 0.007033724613],
    [0.471897695, 0.4531101989, 0.07357120303, 0.001420903063],
    [0.4920634921, 0.4581280788, 0.04871373837, 0.00109469075],
    [0.5480769231, 0.4038461538, 0.04807692308, 0],
    [0.447147651, 0.4844798658, 0.06669463087, 0.001677852349],
    [0.3652605459, 0.523573201, 0.1086848635, 0.002481389578],
    [0.5436893204, 0.4029126214, 0.05218446602, 0.001213592233],
    [0.2835178352, 0.6029110291, 0.1123411234, 0.0012300123],
    [0.1580255281, 0.6715237773, 0.1680786174, 0.002372077262],
    [0.1980312879, 0.6428681099, 0.1555350837, 0.003565518536],
    [0.3947870312, 0.51366815, 0.08900190718, 0.002542911634],
    [0.2079444979, 0.6007107441, 0.1792507965, 0.0120939615],
    [0.3239787446, 0.5481844348, 0.1247093989, 0.003127421676],
    [0.6826347305, 0.2814371257, 0.02994011976, 0.005988023952],
    [0.3315570574, 0.545100078, 0.1203535222, 0.002989342345],
    [0.5071672355, 0.4313993174, 0.06006825939, 0.001365187713],
    [0.318289592, 0.5649578939, 0.1144632491, 0.002289264982],
    [0.2657885469, 0.604606607, 0.1270972741, 0.002507572022],
    [0.4055891239, 0.5264350453, 0.06797583082, 0],
    [0.1355360755, 0.694200944, 0.1635198921, 0.006743088334],
    [0.2703767839, 0.608407476, 0.1190063892, 0.002209350929],
    [0.6878612717, 0.2601156069, 0.04624277457, 0.005780346821],
    [0.4434823309, 0.4907559092, 0.06459162181, 0.001170138076],
    [0.284319841, 0.6361010997, 0.0785394141, 0.001039645134],
    [0.4573070608, 0.4761904762, 0.06486042693, 0.001642036125],
    [0.2015483182, 0.6588360918, 0.1372130272, 0.002402562734],
    [0.1176470588, 0.6720588235, 0.2088235294, 0.001470588235],
    [0.4884248752, 0.4357694054, 0.07399001362, 0.001815705856],
    [0.2940014052, 0.595336378, 0.1087300193, 0.001932197435],
    [0.5375844595, 0.4007601351, 0.05912162162, 0.002533783784],
    [0.5027932961, 0.4162011173, 0.0782122905, 0.002793296089],
    [0.444205084, 0.4851357174, 0.06893580353, 0.001723395088],
    [0.2765957447, 0.5725338491, 0.1473887814, 0.003481624758],
    [0.3139815031, 0.5761249709, 0.1080282894, 0.001865236652],
    [0.4937810945, 0.4465174129, 0.05970149254, 0],
    [0.207173885, 0.6331053861, 0.1574914341, 0.002229294797],
    [0.366521556, 0.5350372139, 0.09563263587, 0.002808594299],
    [0.120103431, 0.6892825441, 0.1859055999, 0.004708424993],
    [0.2307189542, 0.6008714597, 0.165795207, 0.002614379085],
    [0.1410948342, 0.5732459522, 0.2737085582, 0.01195065536],
    [0.2426091171, 0.6094306811, 0.1458077943, 0.002152407561],
    [0.2208127577, 0.6487790513, 0.1288904997, 0.001517691297],
    [0.1891986674, 0.6238821673, 0.1818341224, 0.00508504296],
    [0.3877943296, 0.5088899568, 0.101874099, 0.001441614608],
    [0.4345057611, 0.5054578532, 0.05897513645, 0.001061249242],
    [0.2046135883, 0.5968317082, 0.1936003029, 0.004954400581],
    [0.6092436975, 0.3473389356, 0.04341736695, 0],
    [0.5237757275, 0.4173172463, 0.05819730305, 0.0007097232079],
    [0.535744323, 0.4053826745, 0.05761143818, 0.00126156434],
    [0.4539589443, 0.4721407625, 0.07272727273, 0.001173020528],
    [0.2113459399, 0.612625139, 0.164349277, 0.01167964405],
    [0.2026116635, 0.6056981748, 0.185754563, 0.005935598754],
    [0.124736204, 0.6735440708, 0.1943334381, 0.0073862871],
    [0.4720538721, 0.4525252525, 0.07407407407, 0.001346801347],
    [0.4843847595, 0.4625234229, 0.05215490319, 0.0009369144285],
    [0.5733333333, 0.3847619048, 0.04, 0.001904761905],
    [0.5048169557, 0.4470134875, 0.0472061657, 0.0009633911368],
    [0.3776867963, 0.5117707267, 0.1084953941, 0.002047082907],
    [0.5693527081, 0.3791281374, 0.04887714663, 0.002642007926],
    [0.2806384192, 0.6040281208, 0.113433403, 0.001900057002],
    [0.1701381276, 0.6663012497, 0.1610392458, 0.002521376891],
    [0.2017971717, 0.6377995286, 0.1558203483, 0.004582951421],
    [0.3952380952, 0.5292517007, 0.07414965986, 0.001360544218],
    [0.2079556266, 0.5931896103, 0.1853111705, 0.0135435926],
    [0.3294869425, 0.5402022656, 0.1264555993, 0.003855192628],
    [0.6704545455, 0.2556818182, 0.07386363636, 0],
    [0.3404076207, 0.5401860877, 0.1166149756, 0.002791315906],
    [0.5328185328, 0.4138996139, 0.05173745174, 0.001544401544],
    [0.313279822, 0.5766510371, 0.1080823333, 0.001986807598],
    [0.2724751273, 0.598669776, 0.1260263009, 0.002828795761],
    [0.3728943338, 0.5474732006, 0.07733537519, 0.002297090352],
    [0.1331152903, 0.6892886345, 0.1720359771, 0.005560098119],
    [0.2799346138, 0.5936131706, 0.123941853, 0.002510362543],
    [0.6281407035, 0.3366834171, 0.0351758794, 0],
    [0.459338473, 0.478985327, 0.06068142253, 0.0009947774186],
    [0.2780011941, 0.6400932716, 0.08068894822, 0.001216586124],
    [0.4374437444, 0.4914491449, 0.06930693069, 0.001800180018],
    [0.2098535286, 0.6737683089, 0.1126498003, 0.003728362184],
    [0.1253869969, 0.6888544892, 0.1857585139, 0],
    [0.2139551192, 0.5838943432, 0.1960729313, 0.006077606358],
    [0.2992433903, 0.584799796, 0.1138315056, 0.00212530817],
    [0.5029639763, 0.4259005928, 0.07022343821, 0.0009119927041],
    [0.5251222766, 0.4121831925, 0.06136060471, 0.001333926189],
    [0.5631768953, 0.3826714801, 0.05415162455, 0],
    [0.4392655367, 0.4891713748, 0.06826741996, 0.00329566855],
    [0.2754254056, 0.5749901068, 0.1444400475, 0.005144440047],
    [0.3170296588, 0.5698357244, 0.1111276295, 0.002006987289],
    [0.5055079559, 0.452876377, 0.03916768666, 0.002447980416],
    [0.1915968457, 0.6471747891, 0.1590105239, 0.002217841301],
    [0.3863117871, 0.5236501901, 0.0880608365, 0.001977186312],
    [0.1123160038, 0.706702161, 0.1755402443, 0.00544159098],
    [0.2162641259, 0.6168845557, 0.161311766, 0.005539552404],
    [0.1403203343, 0.5581476323, 0.291086351, 0.01044568245],
    [0.2385298399, 0.6183260553, 0.1407714702, 0.002372634643],
    [0.2142144638, 0.6552255724, 0.1289276808, 0.001632282929],
    [0.1962846127, 0.6291622853, 0.1710480196, 0.003505082369],
    [0.3913894325, 0.5151663405, 0.09197651663, 0.001467710372],
    [0.4162528964, 0.5071168487, 0.07265806024, 0.003972194638],
    [0.2000367997, 0.597534423, 0.1971234935, 0.005305283817],
    [0.5922746781, 0.3605150215, 0.0443490701, 0.002861230329],
    [0.5311355311, 0.4285714286, 0.03956043956, 0.0007326007326],
    [0.5113843352, 0.4380692168, 0.04963570128, 0.0009107468124],
    [0.446084724, 0.4833119384, 0.06996148909, 0.0006418485237],
    [0.1937302661, 0.6123139378, 0.1777176364, 0.01623815968],
    [0.1864186721, 0.6172589752, 0.1908270177, 0.005495335004],
    [0.1151050553, 0.6834786267, 0.1937270666, 0.007689251408],
    [0.5416666667, 0.4142011834, 0.04314595661, 0.0009861932939],
    [0.4971619366, 0.4467445743, 0.05475792988, 0.001335559265],
    [0.5784313725, 0.3607843137, 0.05882352941, 0.001960784314],
    [0.501607717, 0.4426580922, 0.05198285102, 0.003751339764],
    [0.3890489914, 0.5043227666, 0.1031700288, 0.003458213256],
    [0.5464926591, 0.4029363785, 0.04893964111, 0.00163132137],
    [0.2750529287, 0.6090331687, 0.1137967537, 0.002117148906],
    [0.1698623957, 0.6725693661, 0.1546356869, 0.00293255132],
    [0.189568077, 0.6514273122, 0.1551735829, 0.003831027936],
    [0.4277777778, 0.4916666667, 0.07916666667, 0.001388888889],
    [0.1831896162, 0.6080590054, 0.1939367645, 0.01481461395],
    [0.3087416256, 0.5653671268, 0.1230930664, 0.002798181182],
    [0.7124183007, 0.2679738562, 0.01960784314, 0],
    [0.3409493612, 0.5467686282, 0.1090179987, 0.003264011937],
    [0.5349829352, 0.4138225256, 0.04863481229, 0.002559726962],
    [0.3258610816, 0.5642640923, 0.1073386239, 0.002536202242],
    [0.2639480794, 0.6048438762, 0.1277680287, 0.003440015598],
    [0.3863636364, 0.5540752351, 0.05721003135, 0.002351097179],
    [0.1277554304, 0.7034593725, 0.1634754626, 0.005309734513],
    [0.275807069, 0.5972310833, 0.1242822509, 0.002679596784],
    [0.5897435897, 0.3717948718, 0.03205128205, 0.00641025641],
    [0.4284548422, 0.5016322089, 0.06773667029, 0.002176278564],
    [0.2680803351, 0.6483637283, 0.0825226176, 0.001033319043],
    [0.4489981785, 0.4663023679, 0.07832422587, 0.006375227687],
    [0.2169562928, 0.6640337019, 0.11716693, 0.001843075303],
    [0.1258741259, 0.6965034965, 0.1776223776, 0],
    [0.216133254, 0.5930993456, 0.1856989887, 0.00506841166],
    [0.2958453621, 0.5851638007, 0.1163968035, 0.002594033722],
    [0.4732142857, 0.4562969925, 0.06860902256, 0.001879699248],
    [0.5518084066, 0.3861192571, 0.06109481916, 0.0009775171065],
    [0.5647668394, 0.378238342, 0.05699481865, 0],
    [0.4605678233, 0.4817485354, 0.05678233438, 0.000901306895],
    [0.4605678233, 0.4817485354, 0.05678233438, 0.000901306895],
    [0.3259423503, 0.5622228381, 0.1096868071, 0.002148004435],
    [0.556892779, 0.3807439825, 0.06236323851, 0],
    [0.2151087233, 0.6330001742, 0.1496335696, 0.002257532925],
    [0.402044293, 0.5183521759, 0.07851943627, 0.001084094781],
    [0.1245899195, 0.7006412168, 0.1693632568, 0.005405606919],
    [0.2254784689, 0.6046650718, 0.1652711324, 0.004585326954],
    [0.1346666667, 0.5673333333, 0.29, 0.008],
    [0.2379591448, 0.6233617768, 0.1362430082, 0.00243607017],
    [0.2247626266, 0.6423082591, 0.1313080275, 0.00162108676],
    [0.2102803738, 0.6168224299, 0.1683911883, 0.004506008011],
    [0.4231870229, 0.4828244275, 0.09017175573, 0.003816793893],
    [0.4492540063, 0.4842512433, 0.06336341868, 0.003131331737],
    [0.2112122466, 0.591021928, 0.192800993, 0.004964832437],
    [0.6399394856, 0.3040847201, 0.05597579425, 0],
    [0.5499606609, 0.3894571204, 0.0590086546, 0.001573564123],
    [0.5403885481, 0.4074642127, 0.05163599182, 0.0005112474438],
    [0.4403953057, 0.4786905497, 0.07844348363, 0.002470660902],
    [0.162889896, 0.6001066382, 0.2178974496, 0.01910601617],
    [0.1952499073, 0.6088444102, 0.1899466826, 0.0059589998],
    [0.1248100474, 0.6772816662, 0.1899302762, 0.00797801019],
    [0.5647511685, 0.3830079736, 0.05086609843, 0.001374759417],
    [0.5232155232, 0.4116424116, 0.06375606376, 0.001386001386],
    [0.6308243728, 0.3279569892, 0.04121863799, 0],
    [0.5018392013, 0.4456121913, 0.04834471886, 0.004203888597],
    [0.3798309179, 0.5223429952, 0.09420289855, 0.003623188406],
    [0.5934256055, 0.3546712803, 0.04844290657, 0.003460207612],
    [0.2813049736, 0.601631217, 0.1141851911, 0.002878618263],
    [0.1739804965, 0.6734264184, 0.1493794326, 0.003213652482],
    [0.2035157784, 0.6469163284, 0.1459178997, 0.003649993453],
    [0.4059680777, 0.5093684941, 0.08188757807, 0.002775850104],
    [0.20032185, 0.5894879349, 0.1941488003, 0.01604141478],
    [0.3272167488, 0.5462068966, 0.1240147783, 0.002561576355],
    [0.6492537313, 0.2611940299, 0.08208955224, 0.007462686567],
    [0.3586396262, 0.5350932126, 0.1029914736, 0.003275687654],
    [0.5814940577, 0.3658743633, 0.05263157895, 0],
    [0.3309198618, 0.5596511437, 0.1077011683, 0.00172782623],
    [0.2776577036, 0.5924339853, 0.1261628922, 0.00374541891],
    [0.139318397, 0.6961186494, 0.1599873777, 0.004575575891],
    [0.2924420813, 0.590418317, 0.1141554989, 0.00298410287],
    [0.5977653631, 0.3519553073, 0.05027932961, 0],
    [0.4486055777, 0.4905710491, 0.06029216467, 0.0005312084993],
    [0.2668216755, 0.6510371717, 0.08100396999, 0.001137182833],
    [0.4593698176, 0.4693200663, 0.0679933665, 0.003316749585],
    [0.2307692308, 0.645519429, 0.1221252974, 0.001586042823],
    [0.2308759323, 0.5865017282, 0.1782108423, 0.00441149718],
    [0.295724989, 0.5784286229, 0.1226010657, 0.003245322329],
    [0.4799244214, 0.4454416627, 0.07179971658, 0.002834199339],
    [0.578784758, 0.3666323378, 0.05355303811, 0.001029866117],
    [0.5660377358, 0.3333333333, 0.09433962264, 0.006289308176],
    [0.4616127475, 0.4703042009, 0.0666344761, 0.001448575567],
    [0.2886241353, 0.5699461952, 0.1345119139, 0.006917755573],
    [0.3452679917, 0.5563607663, 0.09514242663, 0.003228815384],
    [0.5378346915, 0.3911525029, 0.06752037253, 0.003492433062],
    [0.2300365615, 0.6289711318, 0.1379978745, 0.002994432228],
    [0.4082145851, 0.5106454317, 0.07745180218, 0.003688181056],
    [0.1366762394, 0.6930547158, 0.1645631802, 0.005705864571],
    [0.2517566754, 0.5912467376, 0.1525798033, 0.004416783778],
    [0.1370184255, 0.5899497487, 0.2623115578, 0.01072026801],
    [0.2403536546, 0.6227728883, 0.1331034668, 0.00376999034],
    [0.2302026532, 0.6398429234, 0.1277569789, 0.002197444453],
    [0.2156691677, 0.62100855, 0.1591345315, 0.004187750829],
    [0.4282470481, 0.4736603088, 0.09673024523, 0.00136239782],
    [0.4663153933, 0.4529544599, 0.07452013549, 0.006210011291],
    [0.2045395252, 0.5939357046, 0.1956112126, 0.005913557701],
    [0.652173913, 0.3043478261, 0.04347826087, 0],
    [0.5572727273, 0.3872727273, 0.05090909091, 0.004545454545],
    [0.5725101922, 0.3861386139, 0.04018637158, 0.001164822365],
    [0.4203655352, 0.4941253264, 0.08355091384, 0.001958224543],
    [0.172360515, 0.5993133047, 0.2069527897, 0.02137339056],
    [0.198287373, 0.6123367199, 0.1810740203, 0.008301886792],
    [0.1368603682, 0.6728104369, 0.181857101, 0.008472093914],
    [0.5781948168, 0.3714626154, 0.04825737265, 0.002085195115],
    [0.5401591896, 0.4034008683, 0.05463096961, 0.001808972504],
    [0.5889328063, 0.3636363636, 0.04347826087, 0.00395256917],
    [0.5136074117, 0.4076433121, 0.07469600463, 0.004053271569],
    [0.3696017947, 0.5193494111, 0.1065619742, 0.004486819966],
    [0.6375, 0.3160714286, 0.04464285714, 0.001785714286],
    [0.2673388329, 0.6113657195, 0.1173235564, 0.003971891231],
    [0.191482189, 0.6642319362, 0.1408023373, 0.003483537476],
    [0.214290416, 0.638971169, 0.1421471827, 0.004591232227],
    [0.4247921391, 0.5018896447, 0.07029478458, 0.003023431595],
    [0.2106438974, 0.5816401655, 0.1910282557, 0.01668768141],
    [0.3366603923, 0.5474787002, 0.112641173, 0.003219734496],
    [0.6394557823, 0.3197278912, 0.04081632653, 0],
    [0.373436758, 0.5249854889, 0.09862276397, 0.002954989183],
    [0.5549597855, 0.3842716711, 0.05987488829, 0.0008936550492],
    [0.3479316765, 0.5401926657, 0.1087185299, 0.003157127823],
    [0.2826244085, 0.58930544, 0.1237879635, 0.004282188007],
    [0.1434040517, 0.690221726, 0.1606316797, 0.00574254267],
    [0.3097786495, 0.5822359204, 0.1050714486, 0.002913981507],
    [0.6268656716, 0.3208955224, 0.05223880597, 0],
    [0.4810874704, 0.4636524823, 0.05466903073, 0.0005910165485],
    [0.2698465383, 0.6491955953, 0.07879065953, 0.002167206841],
    [0.4826048171, 0.4460303301, 0.06779661017, 0.00356824264],
    [0.2393897365, 0.6463245492, 0.1112343967, 0.003051317614],
    [0.2483907965, 0.584205229, 0.161926831, 0.005477143459],
    [0.3044540796, 0.5752857706, 0.1167126527, 0.003547497044],
    [0.5, 0.4315673289, 0.06291390728, 0.005518763797],
    [0.5795266924, 0.3593835993, 0.05833791965, 0.002751788663],
    [0.5465838509, 0.4037267081, 0.04968944099, 0],
    [0.4266893328, 0.4980875478, 0.07139821504, 0.003824904377],
    [0.2995077622, 0.5513063234, 0.1419916698, 0.007194244604],
    [0.3470722931, 0.5473339876, 0.1027150801, 0.002878639189],
    [0.5549805951, 0.382923674, 0.06080206986, 0.001293661061],
    [0.2347489561, 0.622517568, 0.1398118444, 0.002921631531],
    [0.4299342105, 0.4960526316, 0.07072368421, 0.003289473684],
    [0.1449894989, 0.6877437744, 0.1612286229, 0.00603810381],
    [0.2472380952, 0.5963809524, 0.1512380952, 0.005142857143],
    [0.1410801964, 0.5800327332, 0.2674304419, 0.01145662848],
    [0.2323588161, 0.6138006174, 0.1474850191, 0.006355547485],
    [0.2337613647, 0.6373043397, 0.1262161402, 0.002718155404],
    [0.2180194805, 0.6217532468, 0.1556818182, 0.004545454545],
    [0.4223575468, 0.4932579382, 0.08177468465, 0.002609830361],
    [0.518650461, 0.4352472758, 0.04421626153, 0.001886001676],
    [0.211837402, 0.5848596525, 0.1967081382, 0.006594807282],
    [0.6416893733, 0.3133514986, 0.04495912807, 0],
    [0.5455938697, 0.4, 0.04980842912, 0.004597701149],
    [0.5837903717, 0.3778184034, 0.03717245582, 0.001218769043],
    [0.4316628702, 0.4908883827, 0.07630979499, 0.001138952164],
    [0.1856692204, 0.6083821541, 0.1863001352, 0.01964849031],
    [0.2057771977, 0.6099824074, 0.1756710743, 0.008569320697],
    [0.1432638422, 0.6740416947, 0.1744227752, 0.008271687962],
    [0.5952076677, 0.352715655, 0.05015974441, 0.001916932907],
    [0.5374301676, 0.408566108, 0.05027932961, 0.003724394786],
    [0.6147540984, 0.3459016393, 0.03770491803, 0.001639344262],
    [0.5218085106, 0.4143617021, 0.06063829787, 0.003191489362],
    [0.3744997141, 0.5202973128, 0.09891366495, 0.006289308176],
    [0.6085343228, 0.3209647495, 0.0667903525, 0.003710575139],
    [0.2666666667, 0.5995934959, 0.1306233062, 0.003116531165],
    [0.2036278525, 0.6668227033, 0.1262726741, 0.003276770041],
    [0.2216843035, 0.6362506338, 0.1371256604, 0.004939402365],
    [0.4084699454, 0.5116120219, 0.07855191257, 0.001366120219],
    [0.2121930979, 0.5802828235, 0.1902478688, 0.0172762098],
    [0.3455930157, 0.5360592551, 0.1146326739, 0.003715055261],
    [0.7265625, 0.2421875, 0.0234375, 0.0078125],
    [0.3817663818, 0.5215318869, 0.09270216963, 0.003999561692],
