from sklearn import preprocessing
from sklearn.decomposition import PCA
from sklearn.preprocessing import StandardScaler
import matplotlib.pyplot as plt
import pandas as pd

wineData = [
[14.23,1.71,2.43,15.6,127,2.8,3.06,.28,2.29,5.64,1.04,3.92],
[13.2,1.78,2.14,11.2,100,2.65,2.76,.26,1.28,4.38,1.05,3.4],
[13.16,2.36,2.67,18.6,101,2.8,3.24,.3,2.81,5.68,1.03,3.17],
[14.37,1.95,2.5,16.8,113,3.85,3.49,.24,2.18,7.8,.86,3.45],
[13.24,2.59,2.87,21,118,2.8,2.69,.39,1.82,4.32,1.04,2.93],
[14.2,1.76,2.45,15.2,112,3.27,3.39,.34,1.97,6.75,1.05,2.85],
[14.39,1.87,2.45,14.6,96,2.5,2.52,.3,1.98,5.25,1.02,3.58],
[14.06,2.15,2.61,17.6,121,2.6,2.51,.31,1.25,5.05,1.06,3.58],
[14.83,1.64,2.17,14,97,2.8,2.98,.29,1.98,5.2,1.08,2.85],
[13.86,1.35,2.27,16,98,2.98,3.15,.22,1.85,7.22,1.01,3.55],
[14.1,2.16,2.3,18,105,2.95,3.32,.22,2.38,5.75,1.25,3.17],
[14.12,1.48,2.32,16.8,95,2.2,2.43,.26,1.57,5,1.17,2.82],
[13.75,1.73,2.41,16,89,2.6,2.76,.29,1.81,5.6,1.15,2.9],
[14.75,1.73,2.39,11.4,91,3.1,3.69,.43,2.81,5.4,1.25,2.73],
[14.38,1.87,2.38,12,102,3.3,3.64,.29,2.96,7.5,1.2,3],
[13.63,1.81,2.7,17.2,112,2.85,2.91,.3,1.46,7.3,1.28,2.88],
[14.3,1.92,2.72,20,120,2.8,3.14,.33,1.97,6.2,1.07,2.65],
[13.83,1.57,2.62,20,115,2.95,3.4,.4,1.72,6.6,1.13,2.57],
[14.19,1.59,2.48,16.5,108,3.3,3.93,.32,1.86,8.7,1.23,2.82],
[13.64,3.1,2.56,15.2,116,2.7,3.03,.17,1.66,5.1,.96,3.36],
[14.06,1.63,2.28,16,126,3,3.17,.24,2.1,5.65,1.09,3.71],
[12.93,3.8,2.65,18.6,102,2.41,2.41,.25,1.98,4.5,1.03,3.52],
[13.71,1.86,2.36,16.6,101,2.61,2.88,.27,1.69,3.8,1.11,4],
[12.85,1.6,2.52,17.8,95,2.48,2.37,.26,1.46,3.93,1.09,3.63],
[13.5,1.81,2.61,20,96,2.53,2.61,.28,1.66,3.52,1.12,3.82],
[13.05,2.05,3.22,25,124,2.63,2.68,.47,1.92,3.58,1.13,3.2],
[13.39,1.77,2.62,16.1,93,2.85,2.94,.34,1.45,4.8,.92,3.22],
[13.3,1.72,2.14,17,94,2.4,2.19,.27,1.35,3.95,1.02,2.77],
[13.87,1.9,2.8,19.4,107,2.95,2.97,.37,1.76,4.5,1.25,3.4],
[14.02,1.68,2.21,16,96,2.65,2.33,.26,1.98,4.7,1.04,3.59],
[13.73,1.5,2.7,22.5,101,3,3.25,.29,2.38,5.7,1.19,2.71],
[13.58,1.66,2.36,19.1,106,2.86,3.19,.22,1.95,6.9,1.09,2.88],
[13.68,1.83,2.36,17.2,104,2.42,2.69,.42,1.97,3.84,1.23,2.87],
[13.76,1.53,2.7,19.5,132,2.95,2.74,.5,1.35,5.4,1.25,3],
[13.51,1.8,2.65,19,110,2.35,2.53,.29,1.54,4.2,1.1,2.87],
[13.48,1.81,2.41,20.5,100,2.7,2.98,.26,1.86,5.1,1.04,3.47],
[13.28,1.64,2.84,15.5,110,2.6,2.68,.34,1.36,4.6,1.09,2.78],
[13.05,1.65,2.55,18,98,2.45,2.43,.29,1.44,4.25,1.12,2.51],
[13.07,1.5,2.1,15.5,98,2.4,2.64,.28,1.37,3.7,1.18,2.69],
[14.22,3.99,2.51,13.2,128,3,3.04,.2,2.08,5.1,.89,3.53],
[13.56,1.71,2.31,16.2,117,3.15,3.29,.34,2.34,6.13,.95,3.38],
[13.41,3.84,2.12,18.8,90,2.45,2.68,.27,1.48,4.28,.91,3],
[13.88,1.89,2.59,15,101,3.25,3.56,.17,1.7,5.43,.88,3.56],
[13.24,3.98,2.29,17.5,103,2.64,2.63,.32,1.66,4.36,.82,3],
[13.05,1.77,2.1,17,107,3,3,.28,2.03,5.04,.88,3.35],
[14.21,4.04,2.44,18.9,111,2.85,2.65,.3,1.25,5.24,.87,3.33],
[14.38,3.59,2.28,16,102,3.25,3.17,.27,2.19,4.9,1.04,3.44],
[13.9,1.68,2.12,16,101,3.1,3.39,.21,2.14,6.1,.91,3.33],
[14.1,2.02,2.4,18.8,103,2.75,2.92,.32,2.38,6.2,1.07,2.75],
[13.94,1.73,2.27,17.4,108,2.88,3.54,.32,2.08,8.90,1.12,3.1],
[13.05,1.73,2.04,12.4,92,2.72,3.27,.17,2.91,7.2,1.12,2.91],
[13.83,1.65,2.6,17.2,94,2.45,2.99,.22,2.29,5.6,1.24,3.37],
[13.82,1.75,2.42,14,111,3.88,3.74,.32,1.87,7.05,1.01,3.26],
[13.77,1.9,2.68,17.1,115,3,2.79,.39,1.68,6.3,1.13,2.93],
[13.74,1.67,2.25,16.4,118,2.6,2.9,.21,1.62,5.85,.92,3.2],
[13.56,1.73,2.46,20.5,116,2.96,2.78,.2,2.45,6.25,.98,3.03],
[14.22,1.7,2.3,16.3,118,3.2,3,.26,2.03,6.38,.94,3.31],
[13.29,1.97,2.68,16.8,102,3,3.23,.31,1.66,6,1.07,2.84],
[13.72,1.43,2.5,16.7,108,3.4,3.67,.19,2.04,6.8,.89,2.87],
[12.37,.94,1.36,10.6,88,1.98,.57,.28,.42,1.95,1.05,1.82],
[12.33,1.1,2.28,16,101,2.05,1.09,.63,.41,3.27,1.25,1.67],
[12.64,1.36,2.02,16.8,100,2.02,1.41,.53,.62,5.75,.98,1.59],
[13.67,1.25,1.92,18,94,2.1,1.79,.32,.73,3.8,1.23,2.46],
[12.37,1.13,2.16,19,87,3.5,3.1,.19,1.87,4.45,1.22,2.87],
[12.17,1.45,2.53,19,104,1.89,1.75,.45,1.03,2.95,1.45,2.23],
[12.37,1.21,2.56,18.1,98,2.42,2.65,.37,2.08,4.6,1.19,2.3],
[13.11,1.01,1.7,15,78,2.98,3.18,.26,2.28,5.3,1.12,3.18],
[12.37,1.17,1.92,19.6,78,2.11,2,.27,1.04,4.68,1.12,3.48],
[13.34,.94,2.36,17,110,2.53,1.3,.55,.42,3.17,1.02,1.93],
[12.21,1.19,1.75,16.8,151,1.85,1.28,.14,2.5,2.85,1.28,3.07],
[12.29,1.61,2.21,20.4,103,1.1,1.02,.37,1.46,3.05,.906,1.82],
[13.86,1.51,2.67,25,86,2.95,2.86,.21,1.87,3.38,1.36,3.16],
[13.49,1.66,2.24,24,87,1.88,1.84,.27,1.03,3.74,.98,2.78],
[12.99,1.67,2.6,30,139,3.3,2.89,.21,1.96,3.35,1.31,3.5],
[11.96,1.09,2.3,21,101,3.38,2.14,.13,1.65,3.21,.99,3.13],
[11.66,1.88,1.92,16,97,1.61,1.57,.34,1.15,3.8,1.23,2.14],
[13.03,.9,1.71,16,86,1.95,2.03,.24,1.46,4.6,1.19,2.48],
[11.84,2.89,2.23,18,112,1.72,1.32,.43,.95,2.65,.96,2.52],
[12.33,.99,1.95,14.8,136,1.9,1.85,.35,2.76,3.4,1.06,2.31],
[12.7,3.87,2.4,23,101,2.83,2.55,.43,1.95,2.57,1.19,3.13],
[12,.92,2,19,86,2.42,2.26,.3,1.43,2.5,1.38,3.12],
[12.72,1.81,2.2,18.8,86,2.2,2.53,.26,1.77,3.9,1.16,3.14],
[12.08,1.13,2.51,24,78,2,1.58,.4,1.4,2.2,1.31,2.72],
[13.05,3.86,2.32,22.5,85,1.65,1.59,.61,1.62,4.8,.84,2.01],
[11.84,.89,2.58,18,94,2.2,2.21,.22,2.35,3.05,.79,3.08],
[12.67,.98,2.24,18,99,2.2,1.94,.3,1.46,2.62,1.23,3.16],
[12.16,1.61,2.31,22.8,90,1.78,1.69,.43,1.56,2.45,1.33,2.26],
[11.65,1.67,2.62,26,88,1.92,1.61,.4,1.34,2.6,1.36,3.21],
[11.64,2.06,2.46,21.6,84,1.95,1.69,.48,1.35,2.8,1,2.75],
[12.08,1.33,2.3,23.6,70,2.2,1.59,.42,1.38,1.74,1.07,3.21],
[12.08,1.83,2.32,18.5,81,1.6,1.5,.52,1.64,2.4,1.08,2.27],
[12,1.51,2.42,22,86,1.45,1.25,.5,1.63,3.6,1.05,2.65],
[12.69,1.53,2.26,20.7,80,1.38,1.46,.58,1.62,3.05,.96,2.06],
[12.29,2.83,2.22,18,88,2.45,2.25,.25,1.99,2.15,1.15,3.3],
[11.62,1.99,2.28,18,98,3.02,2.26,.17,1.35,3.25,1.16,2.96],
[12.47,1.52,2.2,19,162,2.5,2.27,.32,3.28,2.6,1.16,2.63],
[11.81,2.12,2.74,21.5,134,1.6,.99,.14,1.56,2.5,.95,2.26],
[12.29,1.41,1.98,16,85,2.55,2.5,.29,1.77,2.9,1.23,2.74],
[12.37,1.07,2.1,18.5,88,3.52,3.75,.24,1.95,4.5,1.04,2.77],
[12.29,3.17,2.21,18,88,2.85,2.99,.45,2.81,2.3,1.42,2.83],
[12.08,2.08,1.7,17.5,97,2.23,2.17,.26,1.4,3.3,1.27,2.96],
[12.6,1.34,1.9,18.5,88,1.45,1.36,.29,1.35,2.45,1.04,2.77],
[12.34,2.45,2.46,21,98,2.56,2.11,.34,1.31,2.8,.8,3.38],
[11.82,1.72,1.88,19.5,86,2.5,1.64,.37,1.42,2.06,.94,2.44],
[12.51,1.73,1.98,20.5,85,2.2,1.92,.32,1.48,2.94,1.04,3.57],
[12.42,2.55,2.27,22,90,1.68,1.84,.66,1.42,2.7,.86,3.3],
[12.25,1.73,2.12,19,80,1.65,2.03,.37,1.63,3.4,1,3.17],
[12.72,1.75,2.28,22.5,84,1.38,1.76,.48,1.63,3.3,.88,2.42],
[12.22,1.29,1.94,19,92,2.36,2.04,.39,2.08,2.7,.86,3.02],
[11.61,1.35,2.7,20,94,2.74,2.92,.29,2.49,2.65,.96,3.26],
[11.46,3.74,1.82,19.5,107,3.18,2.58,.24,3.58,2.9,.75,2.81],
[12.52,2.43,2.17,21,88,2.55,2.27,.26,1.22,2,.9,2.78],
[11.76,2.68,2.92,20,103,1.75,2.03,.6,1.05,3.8,1.23,2.5],
[11.41,.74,2.5,21,88,2.48,2.01,.42,1.44,3.08,1.1,2.31],
[12.08,1.39,2.5,22.5,84,2.56,2.29,.43,1.04,2.9,.93,3.19],
[11.03,1.51,2.2,21.5,85,2.46,2.17,.52,2.01,1.9,1.71,2.87],
[11.82,1.47,1.99,20.8,86,1.98,1.6,.3,1.53,1.95,.95,3.33],
[12.42,1.61,2.19,22.5,108,2,2.09,.34,1.61,2.06,1.06,2.96],
[12.77,3.43,1.98,16,80,1.63,1.25,.43,.83,3.4,.7,2.12],
[12,3.43,2,19,87,2,1.64,.37,1.87,1.28,.93,3.05],
[11.45,2.4,2.42,20,96,2.9,2.79,.32,1.83,3.25,.8,3.39],
[11.56,2.05,3.23,28.5,119,3.18,5.08,.47,1.87,6,.93,3.69],
[12.42,4.43,2.73,26.5,102,2.2,2.13,.43,1.71,2.08,.92,3.12],
[13.05,5.8,2.13,21.5,86,2.62,2.65,.3,2.01,2.6,.73,3.1],
[11.87,4.31,2.39,21,82,2.86,3.03,.21,2.91,2.8,.75,3.64],
[12.07,2.16,2.17,21,85,2.6,2.65,.37,1.35,2.76,.86,3.28],
[12.43,1.53,2.29,21.5,86,2.74,3.15,.39,1.77,3.94,.69,2.84],
[11.79,2.13,2.78,28.5,92,2.13,2.24,.58,1.76,3,.97,2.44],
[12.37,1.63,2.3,24.5,88,2.22,2.45,.4,1.9,2.12,.89,2.78],
[12.04,4.3,2.38,22,80,2.1,1.75,.42,1.35,2.6,.79,2.57],
[12.86,1.35,2.32,18,122,1.51,1.25,.21,.94,4.1,.76,1.29],
[12.88,2.99,2.4,20,104,1.3,1.22,.24,.83,5.4,.74,1.42],
[12.81,2.31,2.4,24,98,1.15,1.09,.27,.83,5.7,.66,1.36],
[12.7,3.55,2.36,21.5,106,1.7,1.2,.17,.84,5,.78,1.29],
[12.51,1.24,2.25,17.5,85,2,.58,.6,1.25,5.45,.75,1.51],
[12.6,2.46,2.2,18.5,94,1.62,.66,.63,.94,7.1,.73,1.58],
[12.25,4.72,2.54,21,89,1.38,.47,.53,.8,3.85,.75,1.27],
[12.53,5.51,2.64,25,96,1.79,.6,.63,1.1,5,.82,1.69],
[13.49,3.59,2.19,19.5,88,1.62,.48,.58,.88,5.7,.81,1.82],
[12.84,2.96,2.61,24,101,2.32,.6,.53,.81,4.92,.89,2.15],
[12.93,2.81,2.7,21,96,1.54,.5,.53,.75,4.6,.77,2.31],
[13.36,2.56,2.35,20,89,1.4,.5,.37,.64,5.6,.7,2.47],
[13.52,3.17,2.72,23.5,97,1.55,.52,.5,.55,4.35,.89,2.06],
[13.62,4.95,2.35,20,92,2,.8,.47,1.02,4.4,.91,2.05],
[12.25,3.88,2.2,18.5,112,1.38,.78,.29,1.14,8.21,.65,2],
[13.16,3.57,2.15,21,102,1.5,.55,.43,1.3,4,.6,1.68],
[13.88,5.04,2.23,20,80,.98,.34,.4,.68,4.9,.58,1.33],
[12.87,4.61,2.48,21.5,86,1.7,.65,.47,.86,7.65,.54,1.86],

]


xwine1 = StandardScaler().fit_transform(wineData)

#print(xwine1)
#print("    ")

winePCA = PCA(n_components=3)
prin = winePCA.fit_transform(xwine1 )
#print(prin)

'''Data using PCA'''

'''
prin = [[-3.17746601e+00 -8.05972242e-01 -1.10317827e-01]
 [-1.39917916e+00  3.26811162e-01 -1.89759752e+00]
 [-2.11539803e+00 -4.68356445e-01  1.02749032e+00]
 [-3.75100370e+00 -2.00863046e+00 -7.66189250e-02]
 [-8.49675331e-01 -9.81697139e-01  1.97009561e+00]
 [-2.67089910e+00 -1.42523024e+00 -4.96905114e-01]
 [-1.84642047e+00 -6.78493174e-01 -7.52442082e-01]
 [-1.52390100e+00 -1.14088184e+00  3.57349499e-01]
 [-2.10135221e+00 -6.33883222e-01 -1.68745834e+00]
 [-2.66424297e+00 -6.30194761e-01 -1.03021774e+00]
 [-2.77978154e+00 -1.67410929e-01 -2.29675018e-01]
 [-9.09511013e-01 -1.54375078e-01 -1.06531881e+00]
 [-1.35551516e+00 -2.20287171e-01 -7.33196997e-01]
 [-3.02405386e+00 -4.17115932e-01 -1.06789740e+00]
 [-3.95216541e+00 -9.69105235e-01 -1.13697451e+00]
 [-2.00471535e+00 -1.18222865e+00  2.12766875e-01]
 [-1.94527413e+00 -1.71491059e+00  8.67954952e-01]
 [-1.72876386e+00 -1.29310123e+00  7.65728311e-01]
 [-3.26131825e+00 -1.55323199e+00 -3.59475365e-01]
 [-2.00801721e+00 -1.25924764e+00 -1.61856805e-01]
 [-3.16995423e+00 -4.88856497e-01 -4.60527980e-01]
 [-8.15730812e-01 -5.92256643e-01  1.00780256e+00]
 [-1.83723022e+00  5.10750803e-01 -1.30002656e-01]
 [-8.08074067e-01  7.09503124e-01  2.08225321e-01]
 [-1.17951409e+00  5.34979914e-01  9.53572768e-01]
 [-6.63531333e-01 -5.78427179e-01  3.78696942e+00]
 [-1.10921063e+00 -5.51863389e-01  6.36301432e-02]
 [-7.54465026e-02  3.23454280e-01 -1.20252128e+00]
 [-1.85931276e+00 -2.74094745e-01  1.42480415e+00]
 [-1.66577845e+00  1.06763196e-01 -9.85690540e-01]
 [-2.00398811e+00 -3.29934572e-01  1.36859529e+00]
 [-2.09954783e+00 -6.96954539e-01 -2.55685622e-01]
 [-8.66120208e-01  2.87828857e-01 -5.02091196e-02]
 [-1.42372026e+00 -9.98623150e-01  1.28096402e+00]
 [-7.27251959e-01 -3.78930711e-01  5.19405302e-01]
 [-1.54937165e+00 -1.75617899e-02  4.52652425e-01]
 [-9.71124966e-01 -7.12257553e-01  3.77390377e-01]
 [-2.50266897e-01  5.50077029e-02 -3.18084735e-02]
 [-4.70689894e-01  8.89644316e-01 -1.36889691e+00]
 [-2.76111132e+00 -2.05823682e+00 -2.77620211e-01]
 [-2.64540910e+00 -7.25973893e-01 -2.09760485e-01]
 [-4.66286743e-03 -6.13457543e-01 -4.93970907e-01]
 [-2.83612264e+00 -8.98431210e-01 -2.78215231e-01]
 [-2.55444348e-01 -1.18131598e+00 -7.58661368e-02]
 [-1.70231832e+00  4.68653167e-02 -6.64404199e-01]
 [-9.52008367e-01 -2.10524551e+00  3.21726790e-01]
 [-2.45190952e+00 -9.76086877e-01 -2.91316517e-01]
 [-2.64465662e+00 -4.94188914e-01 -1.17102187e+00]
 [-1.79449712e+00 -9.48456297e-01 -5.90413579e-02]
 [-2.76405446e+00 -1.41435540e+00 -6.41018825e-01]
 [-2.79450580e+00  2.31255251e-01 -2.06421529e+00]
 [-2.26449727e+00  5.41749007e-02  6.61993249e-02]
 [-3.43808752e+00 -1.21753199e+00 -4.95233029e-01]
 [-1.76954811e+00 -1.30648601e+00  4.57812157e-01]
 [-1.85167002e+00 -8.99050444e-01 -9.68263592e-01]
 [-2.26052829e+00 -7.88739401e-01  4.06020649e-01]
 [-2.76414500e+00 -1.22382200e+00 -6.61607671e-01]
 [-1.68689569e+00 -8.74180590e-01  3.16510948e-01]
 [-2.93163377e+00 -1.21438328e+00 -3.46758156e-01]
 [ 2.41864537e+00  1.93348291e+00 -4.68585463e+00]
 [ 2.68167580e+00  5.37273750e-01 -9.09440495e-01]
 [ 2.22283248e+00 -6.81910888e-01 -1.81409743e+00]
 [ 7.39261929e-01  7.16309216e-01 -1.84056339e+00]
 [-1.69555612e+00  1.70083777e+00 -3.61927393e-01]
 [ 1.37035269e+00  1.28466023e+00  4.40485172e-01]
 [-3.53241952e-01  6.32480907e-01  3.27268426e-01]
 [-1.90205697e+00  1.56501685e+00 -2.21466524e+00]
 [ 4.68184315e-01  1.65766351e+00 -1.18460603e+00]
 [ 1.68783553e+00 -4.06036015e-01 -7.26266428e-01]
 [-1.00099747e+00  1.96791255e+00 -1.48632384e+00]
 [ 2.77647005e+00  3.26308372e-01 -6.67004177e-01]
 [-1.44163645e+00  1.08621052e+00  1.70658379e+00]
 [ 1.18330162e+00  2.53952238e-01 -3.54462279e-02]
 [-2.00880303e+00  8.92308039e-01  3.27214258e+00]
 [-8.93101920e-01  1.55820089e+00  2.73729928e-01]
 [ 1.75849453e+00  1.40038563e+00 -1.76027559e+00]
 [ 2.03804511e-01  1.39730249e+00 -2.71097979e+00]
 [ 2.29751728e+00  2.25465165e-01 -2.21830613e-01]
 [-3.90176188e-01  9.87128900e-01 -1.38977331e+00]
 [ 8.16773670e-02  5.50267977e-01  1.88584888e+00]
 [ 1.18900692e-01  2.95328629e+00 -5.91290052e-01]
 [-2.97299533e-01  1.24877595e+00 -4.04722513e-01]
 [ 1.68551819e+00  2.19873600e+00  1.24607630e+00]
 [ 2.82988304e+00 -1.46068175e+00  6.01163727e-01]
 [-1.91404042e-01  1.15546533e+00  3.12116377e-01]
 [-1.41769337e-03  1.76599366e+00 -4.27625211e-01]
 [ 1.82988237e+00  1.79931232e+00  6.44908038e-01]
 [ 1.56006874e+00  2.12307413e+00  2.21754416e+00]
 [ 2.16939822e+00  1.08948764e+00  9.96234341e-01]
 [ 1.79949558e+00  2.25394651e+00  8.95327158e-01]
 [ 2.38632634e+00  1.23756549e+00 -8.09552973e-02]
 [ 2.32371021e+00  9.59218498e-01  6.58771077e-01]
 [ 2.80731727e+00  5.53211980e-01 -1.06893689e-01]
 [-1.15784933e-01  1.68369198e+00  1.92076259e-02]
 [-3.93661850e-01  1.59042118e+00 -1.64665210e-01]
 [-1.69807743e+00  9.08448471e-01  6.35161410e-01]
 [ 1.29764789e+00  2.47589043e-02  9.86598005e-01]
 [-1.94604245e-01  2.12931872e+00 -1.26006640e+00]
 [-1.75873480e+00  1.34391088e+00 -4.50174554e-01]
 [-6.96706723e-01  2.01816054e+00  7.45118220e-01]
 [ 2.86287372e-01  2.06243339e+00 -1.56349656e+00]
 [ 1.65215706e+00  1.64885065e+00 -1.54767097e+00]
 [ 6.31998455e-01  2.87718092e-01  9.63656989e-01]
 [ 1.69652552e+00  1.77144491e+00 -8.66714147e-01]
 [ 5.67544773e-01  1.72131514e+00 -4.02694250e-01]
 [ 2.35281061e+00  4.24479053e-01  1.09642552e+00]
 [ 1.16860971e+00  1.37951762e+00 -5.05485589e-01]
 [ 2.32125946e+00  3.76905440e-01  2.52136769e-01]
 [ 5.84577606e-01  1.55521941e+00 -6.13847286e-01]
 [-7.93315690e-01  1.59333163e+00  1.61068255e+00]
 [-8.24248075e-01  1.10350670e+00  6.55239605e-02]
 [ 9.26211103e-01  9.60685430e-01 -1.66230880e-02]
 [ 1.95938377e+00 -7.80390548e-02  1.99917339e+00]
 [ 1.30252024e+00  1.65047244e+00  7.62292395e-01]
 [ 1.10146286e+00  1.06301025e+00  1.21605555e+00]
 [ 7.86544272e-01  3.86459051e+00  1.22273850e+00]
 [ 1.34878503e+00  2.21210455e+00 -3.50165099e-01]
 [ 8.07012149e-01  1.41923190e+00  5.41056529e-01]
 [ 3.03711032e+00 -7.20216462e-01 -1.82435581e+00]
 [ 1.68865869e+00  1.43970128e+00 -1.77726114e-01]
 [-1.10616360e-01  8.65279440e-01  1.08047958e+00]
 [-1.82655055e+00 -5.97052694e-01  5.09757862e+00]
 [ 1.52976782e+00 -3.14948845e-01  3.10686225e+00]
 [ 6.77702950e-01 -7.47985245e-01  7.31915913e-01]
 [-6.94455455e-01  6.88288521e-01  1.48156417e+00]
 [ 6.99866529e-01  1.15164399e+00  4.05059456e-01]
 [ 1.92089564e-01  2.89908088e-01  5.14496569e-01]
 [ 2.18989167e+00  4.75166993e-01  3.27214235e+00]
 [ 1.13811219e+00  1.26894598e+00  1.17432530e+00]
 [ 2.56253430e+00 -1.93509641e-01  9.65095080e-01]
 [ 1.89193522e+00 -1.13833380e+00 -1.51196704e+00]
 [ 2.59387520e+00 -2.01172504e+00 -9.50933713e-01]
 [ 3.17892303e+00 -1.87947511e+00 -4.32004485e-01]
 [ 2.45864527e+00 -1.85709413e+00 -6.65598522e-01]
 [ 2.99671911e+00 -9.22205378e-01 -1.23594422e+00]
 [ 3.35307854e+00 -2.14958188e+00 -1.13217029e+00]
 [ 4.67890087e+00 -2.02521064e+00  3.88892564e-01]
 [ 4.10819871e+00 -2.67039815e+00  1.86750406e+00]
 [ 3.37359838e+00 -2.19209613e+00 -9.20866950e-01]
 [ 2.68222271e+00 -1.59085795e+00  1.20384814e+00]
 [ 3.18401521e+00 -1.78114897e+00  6.28998437e-01]
 [ 2.72860027e+00 -1.78453008e+00 -9.28798285e-01]
 [ 3.28042533e+00 -1.99199764e+00  9.53642202e-01]
 [ 2.64489159e+00 -2.12699068e+00 -7.35115546e-02]
 [ 2.25135917e+00 -2.83936623e+00 -1.32925817e+00]
 [ 3.33310389e+00 -1.87488758e+00 -7.16494084e-01]
 [ 4.42519366e+00 -3.17547970e+00 -1.34841077e+00]
 [ 3.39936015e+00 -3.58492602e+00 -8.03062614e-02]]'''
min_max_scaler = preprocessing.MinMaxScaler()
Normalwine = min_max_scaler.fit_transform(prin)

#print(Normalwine)

nwineData = preprocessing.normalize(Normalwine,norm='l1')
#print(nwineData)


'''Normalized Data!!!'''
'''nwineData = [[0.09646349 0.4009105  0.50262601],
 [0.26746873 0.47482171 0.25770956],
 [0.17512984 0.34428585 0.48058432],
 [0.03301091 0.29969963 0.66728946],
 [0.25874411 0.251541   0.48971488],
 [0.17131406 0.33456657 0.49411938],
 [0.23545594 0.37653082 0.38801324],
 [0.25010114 0.2916521  0.45824676],
 [0.23383214 0.43196989 0.33419797],
 [0.16228156 0.431354   0.40636444],
 [0.12935594 0.43688118 0.43376288],
 [0.29796648 0.38923781 0.31279572],
 [0.26013248 0.39053139 0.34933612],
 [0.11913885 0.47113864 0.40972251],
 [0.         0.49187251 0.50812749],
 [0.21511991 0.30750326 0.47737683],
 [0.22119026 0.23879416 0.54001559],
 [0.22949628 0.27407885 0.49642487],
 [0.10068356 0.34306092 0.55625552],
 [0.22528249 0.3122368  0.46248071],
 [0.09660534 0.44302088 0.46037378],
 [0.26975954 0.29821926 0.4320212 ],
 [0.19439731 0.43616945 0.36943324],
 [0.25279599 0.40005235 0.34715166],
 [0.22143693 0.38122244 0.39734063],
 [0.2308329  0.24450039 0.52466671],
 [0.26954749 0.3331832  0.39726931],
 [0.33775101 0.39451682 0.26773217],
 [0.18488578 0.33887402 0.4762402 ],
 [0.2326416  0.43521028 0.33214812],
 [0.17613435 0.34095872 0.48290693],
 [0.20342802 0.36741277 0.42915921],
 [0.26460875 0.38473199 0.35065926],
 [0.23435492 0.27773863 0.48790644],
 [0.27966004 0.32211549 0.39822447],
 [0.21706976 0.37339341 0.40953682],
 [0.27663204 0.30885632 0.41451164],
 [0.30784992 0.35070695 0.34144313],
 [0.30033412 0.44722805 0.25243783],
 [0.17390477 0.25826586 0.56782937],
 [0.15251545 0.38660057 0.46088398],
 [0.35600289 0.31048355 0.33351356],
 [0.13749262 0.38346076 0.47904662],
 [0.35044824 0.26400221 0.38554955],
 [0.22486235 0.42055325 0.3545844 ],
 [0.32852236 0.18772636 0.48375128],
 [0.1786063  0.35984469 0.46154902],
 [0.16365771 0.44821902 0.38812327],
 [0.23215377 0.32866254 0.43918369],
 [0.16339609 0.3458557  0.49074821],
 [0.1466885  0.5602483  0.2930632 ]
 [0.16715744 0.4176083  0.41523426]
 [0.07392574 0.39443338 0.53164088]
 [0.23317958 0.28202453 0.48479588]
 [0.24734769 0.36644464 0.38620767]
 [0.17951384 0.34379    0.47669616]
 [0.15895686 0.36602173 0.4750214 ]
 [0.23070013 0.31985491 0.44944496]
 [0.13436773 0.36162017 0.5040121 ]
 [0.49910456 0.50089544 0.        ]
 [0.45001272 0.32398516 0.22600211]
 [0.51151606 0.27861733 0.20986661]
 [0.3850159  0.40898109 0.20600301]
 [0.18503839 0.50216863 0.31279299]
 [0.34367699 0.36430215 0.29202085]
 [0.27881595 0.37855315 0.3426309 ]
 [0.20105045 0.5851497  0.21379985]
 [0.32542535 0.44717444 0.22740021]
 [0.4400652  0.28737548 0.27255932]
 [0.24175248 0.52702162 0.2312259 ]
 [0.45446247 0.30607033 0.2394672 ]
 [0.18511452 0.3990563  0.41582918]
 [0.37523867 0.32498876 0.29977257]
 [0.13732686 0.36656236 0.49611077]
 [0.2284019  0.44491273 0.32668537]
 [0.40594236 0.41058847 0.18346916]
 [0.35610359 0.49461122 0.14928518]
 [0.42798283 0.30232517 0.269692  ]
 [0.30270875 0.45017377 0.24711748]
 [0.27586455 0.32764926 0.39648619]
 [0.26680532 0.49645709 0.23673759]
 [0.28045108 0.42973617 0.28981274]
 [0.32083515 0.38134716 0.29781769]
 [0.48765448 0.17696694 0.33537858]
 [0.27526588 0.40200103 0.32273309]
 [0.28408285 0.44579019 0.27012696]
 [0.34575149 0.37302936 0.28121915]
 [0.3026068  0.36305411 0.33433909]
 [0.36987888 0.3272357  0.30288542]
 [0.32978931 0.38789006 0.28232064]
 [0.39644399 0.34946505 0.25409096]
 [0.38606872 0.32387602 0.29005526]
 [0.43347865 0.30746493 0.25905642]
 [0.27224774 0.43318726 0.294565  ]
 [0.26274915 0.44274103 0.29450982]
 [0.1854543  0.42832658 0.38621912]
 [0.36365291 0.28970025 0.34664684]
 [0.28040661 0.49405739 0.225536  ]
 [0.1884263  0.49056712 0.32100658]
 [0.22391971 0.44652299 0.3295573 ]
 [0.31312194 0.48337918 0.20349888]
 [0.38819807 0.42003144 0.19177049]
 [0.32615643 0.31923446 0.35460911]
 [0.3710406  0.4076436  0.2213158 ]
 [0.31286458 0.4255682  0.26156722]
 [0.39279663 0.28940139 0.31780198]
 [0.35168732 0.39502807 0.25328461]
 [0.41218324 0.30159073 0.28622603]
 [0.32210823 0.42283353 0.25505824]
 [0.21469347 0.40776494 0.37754159]
 [0.24529422 0.42598675 0.32871903]
 [0.34200116 0.36921636 0.28878248]
 [0.37244511 0.2559877  0.37156719]
 [0.32583397 0.37612805 0.29803798]
 [0.3230084  0.34419698 0.33279461]
 [0.2550105  0.46447507 0.28051443]
 [0.33460457 0.4239553  0.24144013]
 [0.31375858 0.38223554 0.30400588]
 [0.54464153 0.25863991 0.19671855]
 [0.36534965 0.37705644 0.25759391]
 [0.27274581 0.36607337 0.36118082]
 [0.14949691 0.2434704  0.60703269]
 [0.33953561 0.23465655 0.42580784]
 [0.36466011 0.25888462 0.37645527]
 [0.23866598 0.36271804 0.39861598]
 [0.31795448 0.37507886 0.30696665]
 [0.31344861 0.33955439 0.346997  ]
 [0.34377015 0.26328533 0.39294453]
 [0.32046706 0.35405164 0.3254813 ]
 [0.42222752 0.2546652  0.32310728]
 [0.50912193 0.24694604 0.24393203]
 [0.56122918 0.15627234 0.28249848]
 [0.55452405 0.15365268 0.29182327]
 [0.53604742 0.16738946 0.29656312]
 [0.53136239 0.23590529 0.23273232]
 [0.60357212 0.13740004 0.25902785]
 [0.57867706 0.1211584  0.30016454]
 [0.5409133  0.07110601 0.38798069]
 [0.59748375 0.13161568 0.27090057]
 [0.46916973 0.16338247 0.3674478 ]
 [0.5128453  0.15018957 0.33696514]
 [0.55298676 0.17266046 0.27435278]
 [0.51465046 0.13132611 0.35402342]
 [0.53394559 0.13671665 0.32933777]
 [0.61858535 0.08613506 0.29527959]
 [0.57057241 0.15516987 0.27425772]
 [0.71018154 0.0402157  0.24960276]
 [0.64404597 0.         0.35595403]]'''



Examples = {
    'WineClasses': {
        'data': nwineData,
        'k': [2, 110, 111],
    },
}
